function branch = brRTS96
%% branch data
%       1   f, from bus number
%       2   t, to bus number
%       3   r, resistance (p.u.)
%       4   x, reactance (p.u.)
%       5   b, total line charging susceptance (p.u.)
%       6   rate, MVA rating 
%       7   ratio, transformer off nominal turns ratio ( = 0 for lines )
%           (taps at 'from' bus, impedance at 'to' bus, i.e. ratio = Vf / Vt)
%       8   angle, transformer phase shift angle (degrees)
%       9   branch status, 1 - in service, 0 - out of service
%       10  Lamda, Failure Rate
%       11  MTTF, Repair duration
%       12  TCSC setting

%       13  PFailure, Probability of Failure
%       14  PF, active power injected at "from" bus end (MW)		(not in PTI format)
%       15  QF, reactive power injected at "from" bus end (MVAR)	(not in PTI format)
%       16  PT, active power injected at "to" bus end (MW)			(not in PTI format)
%       17  QT, reactive power injected at "to" bus end (MVAR)	(not in PTI format)
%       18  MU_SF, Kuhn-Tucker multiplier on MVA limit at "from" bus (u/MVA)
%       19  MU_ST, Kuhn-Tucker multiplier on MVA limit at "to" bus (u/MVA)
%       20  KT_MAXANGLE_TPST, Kuhn-Tucker multiplier on shifting transformer angle upper limit 
%       21  KT_MINANGLE_TPST, Kuhn-Tucker multiplier on shifting transformer angle lower limit 
%       22  KT_MAXANGLE_TCSC, Kuhn-Tucker multiplier on TSCS Xc upper  limit
%       23  KT_MINANGLE_TCSC, Kuhn-Tucker multiplier on TCSC Xc lower  limit

branch = [
    1	2	0.0026	0.0139	0.4611	200.0000	0.000000	0.000000	1	0.2400	16  0.000000;
    1	3	0.0546	0.2112	0.0572	220.0000	0.000000	0.000000   	1	0.5100	10  0.000000;
    1	5	0.0218	0.0845	0.0229	220.0000	0.000000	0.000000	1	0.3300	10  0.000000;
	2	4	0.0328	0.1267	0.0343	220.0000	0.000000	0.000000	1	0.3900	10  0.000000;
	2	6	0.0497	0.1920	0.0520	220.0000	0.000000	0.000000	1	0.4800	10  0.000000;
	3	9	0.0308	0.1190	0.0322	220.0000	0.000000	0.000000	1	0.3800	10  0.000000;
	3	24	0.0023	0.0839	0.0000	600.0000	1.020000	0.000000	1	0.0200	768 0.000000;
	4	9	0.0268	0.1037	0.0281	220.0000	0.000000	0.000000	1	0.3600	10  0.000000;
   	5	10	0.0228	0.0883	0.0239	220.0000	0.000000	0.000000	1	0.3400	10  0.000000;
    6	10	0.0139	0.0605	2.4590	200.0000	0.000000	0.000000	1	0.3300	35  0.000000;
    7	8	0.0159	0.0614	0.0166	220.0000	0.000000	0.000000	1	0.3000	10  0.000000;
    7	27	0.0420	0.161	0.044	220.0000	0.000000	0.000000	1	0.4400	10  0.000000;
    8	9	0.0427  0.1651	0.0477	220.0000	0.000000	0.000000	1	0.4400	10  0.000000;
    8	10	0.0427	0.1651	0.0477	220.0000	0.000000	0.000000	1	0.4400	10  0.000000;
    9	11	0.0023	0.0839	0.0000	600.0000	0.950000	0.000000	1	0.0200	768 0.000000;
    9	12	0.0023	0.0839	0.0000	600.0000	0.000000	0.000000	1	0.0200	768 0.000000;
    10	11	0.0023	0.0839	0.0000	600.0000	0.000000	0.000000	1	0.0200	768 0.000000;
    10	12	0.0023	0.0839	0.0000	600.0000	0.000000	0.000000	1	0.0200	768 0.000000;
    11	13	0.0061	0.0476	0.0999	625.0000	0.000000	0.000000	1	0.4000	11  0.000000;
    11	14	0.0054	0.0418	0.0879	625.0000	0.000000	0.000000	1	0.3900	11  0.000000;
    12	13	0.0061	0.0476	0.0999	525.0000	0.000000	0.000000	1	0.4000	11  0.000000;
    12	23	0.0124	0.0966	0.2030	525.0000	0.000000	0.000000	1	0.5200	11  0.000000;
    13	23	0.0111	0.0865	0.1818	625.0000	0.000000	0.000000	1	0.4900	11  0.000000;
    13	39	0.0100	0.0750	0.1580	625.0000	0.000000	0.000000	1	0.4700	11  0.000000;
    14	16  0.0050	0.0389  0.0818	625.0000	0.000000	0.000000	1	0.3800	11  0.000000;
    15	16	0.0022	0.0173	0.0364	625.0000	0.000000	0.000000	1	0.3300	11  0.000000;
    15	21	0.0063	0.0490	0.1030	525.0000	0.000000	0.000000	1	0.4100	11  0.000000;
    15	21	0.0063	0.0490	0.1030	525.0000	0.000000	0.000000	1	0.4100	11  0.000000;
    15	24	0.0067	0.0519	0.1091	525.0000	0.000000	0.000000	1	0.4100	11  0.000000;
    16	17	0.0033	0.0259	0.0545	525.0000	0.000000	0.000000	1	0.3500	11  0.000000;
    16	19	0.0030	0.0231	0.0485	525.0000	0.000000	0.000000	1	0.3400	11  0.000000;
    17	18	0.0018	0.0144	0.0303	525.0000	0.000000	0.000000	1	0.3200	11  0.000000;
    17	22	0.0135  0.1053	0.2212	625.0000	0.000000	0.000000	1	0.5400	11  0.000000;
    18	21	0.0033	0.0259	0.0545	625.0000	0.000000	0.000000	1	0.3500	11  0.000000;
    18	21	0.0033	0.0259	0.0545	625.0000	0.000000	0.000000	1	0.3500	11  0.000000;
    19	20	0.0051	0.0396	0.0833	525.0000	0.000000	0.000000	1	0.3800	11  0.000000;
    19	20	0.0051	0.0396	0.0833	525.0000	0.000000	0.000000	1   0.3800	11  0.000000;
    20	23	0.0028	0.0216	0.0455	525.0000	0.000000	0.000000	1	0.3400	11  0.000000;
    20	23	0.0028	0.0216	0.0455	525.0000	0.000000	0.000000	1	0.3400	11  0.000000;
    21	22	0.0087	0.0678	0.1424	525.0000	0.000000	0.000000	1	0.4500	11  0.000000;
    23	41	0.0100	0.0740	0.1550	625.0000	0.000000	0.000000	1	0.4600	11  0.000000;
    25	26	0.0026	0.0139	0.4611	200.0000	0.000000	0.000000	1	0.2400	16  0.000000;
    25	27	0.0546	0.2112	0.0572	220.0000	0.000000	0.000000   	1	0.5100	10  0.000000;
    25	29	0.0218	0.0845	0.0229	220.0000	0.000000	0.000000	1	0.3300	10  0.000000;
	26	28	0.0328	0.1267	0.0343	220.0000	0.000000	0.000000	1	0.3900	10  0.000000;
	26	30	0.0497	0.1920	0.0520	220.0000	0.000000	0.000000	1	0.4800	10  0.000000;
	27	33	0.0308	0.1190	0.0322	220.0000	0.000000	0.000000	1	0.3800	10  0.000000;
	27	48	0.0023	0.0839	0.0000	600.0000	1.020000	0.000000	1	0.0200	768 0.000000;
	28	33	0.0268	0.1037	0.0281	220.0000	0.000000	0.000000	1	0.3600	10  0.000000;
   	29	34	0.0228	0.0883	0.0239	220.0000	0.000000	0.000000	1	0.3400	10  0.000000;
    30	34	0.0139	0.0605	2.4590	200.0000	0.000000	0.000000	1	0.3300	35  0.000000;
    31	32	0.0159	0.0614	0.0166	220.0000	0.000000	0.000000	1	0.3000	10  0.000000;
    32	33	0.0427  0.1651	0.0477	220.0000	0.000000	0.000000	1	0.4400	10  0.000000;
    32	34	0.0427	0.1651	0.0477	220.0000	0.000000	0.000000	1	0.4400	10  0.000000;
    33	35	0.0023	0.0839	0.0000	600.0000	0.950000	0.000000	1	0.0200	768 0.000000;
    33	36	0.0023	0.0839	0.0000	600.0000	0.000000	0.000000	1	0.0200	768 0.000000;
    34	35	0.0023	0.0839	0.0000	600.0000	0.000000	0.000000	1	0.0200	768 0.000000;
    34	36	0.0023	0.0839	0.0000	600.0000	0.000000	0.000000	1	0.0200	768 0.000000;
    35	37	0.0061	0.0476	0.0999	625.0000	0.000000	0.000000	1	0.4000	11  0.000000;
    35	38	0.0054	0.0418	0.0879	625.0000	0.000000	0.000000	1	0.3900	11  0.000000;
    36	37	0.0061	0.0476	0.0999	525.0000	0.000000	0.000000	1	0.4000	11  0.000000;
    36	47	0.0124	0.0966	0.2030	525.0000	0.000000	0.000000	1	0.5200	11  0.000000;
    37	47	0.0111	0.0865	0.1818	525.0000	0.000000	0.000000	1	0.4900	11  0.000000;
    38	40  0.0050	0.0389  0.0818	625.0000	0.000000	0.000000	1	0.3800	11  0.000000;
    39	40	0.0022	0.0173	0.0364	625.0000	0.000000	0.000000	1	0.3300	11  0.000000;
    39	45	0.0063	0.0490	0.1030	525.0000	0.000000	0.000000	1	0.4100	11  0.000000;
    39	45	0.0063	0.0490	0.1030	525.0000	0.000000	0.000000	1	0.4100	11  0.000000;
    39	48	0.0067	0.0519	0.1091	525.0000	0.000000	0.000000	1	0.4100	11  0.000000;
    40	41	0.0033	0.0259	0.0545	525.0000	0.000000	0.000000	1	0.3500	11  0.000000;
    40	43	0.0030	0.0231	0.0485	525.0000	0.000000	0.000000	1	0.3400	11  0.000000;
    41	42	0.0018	0.0144	0.0303	525.0000	0.000000	0.000000	1	0.3200	11  0.000000;
    41	46	0.0135  0.1053	0.2212	625.0000	0.000000	0.000000	1	0.5400	11  0.000000;
    42	45	0.0033	0.0259	0.0545	625.0000	0.000000	0.000000	1	0.3500	11  0.000000;
    42	45	0.0033	0.0259	0.0545	625.0000	0.000000	0.000000	1	0.3500	11  0.000000;
    43	44	0.0051	0.0396	0.0833	525.0000	0.000000	0.000000	1	0.3800	11  0.000000;
    43	44	0.0051	0.0396	0.0833	525.0000	0.000000	0.000000	1   0.3800	11  0.000000;
    44	47	0.0028	0.0216	0.0455	525.0000	0.000000	0.000000	1	0.3400	11  0.000000;
    44	47	0.0028	0.0216	0.0455	525.0000	0.000000	0.000000	1	0.3400	11  0.000000;
    45	46	0.0087	0.0678	0.1424	525.0000	0.000000	0.000000	1	0.4500	11  0.000000;
    49	50	0.0026	0.0139	0.4611	200.0000	0.000000	0.000000	1	0.2400	16  0.000000;
